#source CoolProp (http://www.coolprop.org/)
# temperature in Kelvin, isobaric heat capacity in J/(kg K)
263.15 1976.8823234072695
265.15 1980.6134982832095
267.15 1984.416050463013
269.15 1988.2894370033634
271.15 1992.2330899146655
273.15 1996.246416873169
275.15 2000.328801982753
277.15 2004.4796065798193
279.15 2008.6981700751355
281.15 2012.9838108269525
283.15 2017.3358270400702
285.15 2021.753497685928
287.15 2026.236083439167
289.15 2030.7828276264033
291.15 2035.3929571833426
293.15 2040.0656836165801
295.15 2044.8002039668168
297.15 2049.5957017703836
299.15 2054.4513480163328
301.15 2059.3663020964914
303.15 2064.3397127461894
305.15 2069.370718973518
307.15 2074.458450975239
309.15 2079.6020310376007
311.15 2084.800574420541
313.15 2090.053190223892
315.15 2095.358982234797
317.15 2100.7170497532743
319.15 2106.126488398847
321.15 2111.5863908912784
323.15 2117.0958478222283
325.15 2122.65394837675
327.15 2128.2597810582947
329.15 2133.9124343761173
331.15 2139.610997511174
333.15 2145.3545609576
335.15 2151.142217139677
337.15 2156.9730610042843
339.15 2162.8461905888544
341.15 2168.760707564975
343.15 2174.7157177577647
345.15 2180.7103316412727
347.15 2186.7436648101425
349.15 2192.814838427854
351.15 2198.922979651878
353.15 2205.0672220361303
355.15 2211.246705911128
357.15 2217.460578742257
359.15 2223.707995466675
361.15 2229.9881188092413
363.15 2236.300119578022
365.15 2242.643176939882
367.15 2249.0164786766545
369.15 2255.4192214224554
371.15 2261.8506108826527
373.15 2268.3098620350665
