# source: CoolProp (http://www.coolprop.org/)
# temperature in Kelvin, dynamic viscosity in kg/(m s)
263.15 9.987598418270064e-06
265.15 1.0054271376713275e-05
267.15 1.01207712445252e-05
269.15 1.0187099643189088e-05
271.15 1.0253258161058564e-05
273.15 1.0319248354546486e-05
275.15 1.038507174925251e-05
277.15 1.0450729841031813e-05
279.15 1.0516224097009172e-05
281.15 1.0581555956543026e-05
283.15 1.064672683214113e-05
285.15 1.0711738110332342e-05
287.15 1.0776591152496127e-05
289.15 1.0841287295653449e-05
291.15 1.0905827853220495e-05
293.15 1.097021411572817e-05
295.15 1.1034447351508859e-05
297.15 1.109852880735291e-05
299.15 1.116245970913629e-05
301.15 1.122624126242086e-05
303.15 1.1289874653029489e-05
305.15 1.1353361047596854e-05
307.15 1.141670159409703e-05
309.15 1.1479897422350304e-05
311.15 1.1542949644508997e-05
313.15 1.1605859355524109e-05
315.15 1.166862763359458e-05
317.15 1.1731255540595754e-05
319.15 1.1793744122496459e-05
321.15 1.185609440975119e-05
323.15 1.1918307417708628e-05
325.15 1.1980384146945096e-05
327.15 1.2042325583645421e-05
329.15 1.2104132699940739e-05
331.15 1.2165806454240284e-05
333.15 1.2227347791551614e-05
335.15 1.2288757643789442e-05
337.15 1.2350036930074347e-05
339.15 1.2411186557021452e-05
341.15 1.2472207419019115e-05
343.15 1.2533100398498824e-05
345.15 1.2593866366196224e-05
347.15 1.2654506181403717e-05
349.15 1.271502069221504e-05
351.15 1.2775410735762185e-05
353.15 1.2835677138445082e-05
355.15 1.2895820716153996e-05
357.15 1.2955842274485576e-05
359.15 1.3015742608951777e-05
361.15 1.3075522505183164e-05
363.15 1.313518273912608e-05
365.15 1.3194724077234009e-05
367.15 1.3254147276653159e-05
369.15 1.331345308540351e-05
371.15 1.3372642242554015e-05
373.15 1.3431715478393082e-05