#source CoolProp (http://www.coolprop.org/)
# temperature in Kelvin, isobaric heat capacity in J/(kg K)
263.15 2043.9248427852253
265.15 2046.988073303865
267.15 2050.126087163204
269.15 2053.3384737054007
271.15 2056.6247917272185
273.15 2059.9845702851426
275.15 2063.417309553297
277.15 2066.922481727277
279.15 2070.4995319674445
281.15 2074.1478793756605
283.15 2077.8669179998637
285.15 2081.6560178612567
287.15 2085.514525999244
289.15 2089.4417675296154
291.15 2093.4370467118033
293.15 2097.499648021338
295.15 2101.628837223956
297.15 2105.8238624483056
299.15 2110.083955253294
301.15 2114.4083316884407
303.15 2118.7961933423576
305.15 2123.246728391504
307.15 2127.7591126080515
309.15 2132.332510378635
311.15 2136.9660756917788
313.15 2141.6589531087366
315.15 2146.41027871373
317.15 2151.219181042416
319.15 2156.0847819875867
321.15 2161.0061976812103
323.15 2165.982539352107
325.15 2171.0129141586276
327.15 2176.0964259958378
329.15 2181.232176276832
331.15 2186.419264687867
333.15 2191.6567899171305
335.15 2196.9438503570186
337.15 2202.2795447799003
339.15 2207.662972987398
341.15 2213.0932364332866
343.15 2218.569438820182
345.15 2224.0906866702367
347.15 2229.656089870096
349.15 2235.2647621904885
351.15 2240.9158217807285
353.15 2246.608391638581
355.15 2252.3416000559114
357.15 2258.11458104055
359.15 2263.9264747148845
361.15 2269.7764276916773
363.15 2275.6635934276164
365.15 2281.587132555168
367.15 2287.546213193266
369.15 2293.540011237413
371.15 2299.567710629771
373.15 2305.6285036098143