# source: CoolProp (http://www.coolprop.org/)
# temperature in Kelvin, dynamic viscosity in kg/(m s)
263.15 1.018799917679172e-05
265.15 1.0255447167391177e-05
267.15 1.0322713803330764e-05
269.15 1.0389800774187494e-05
271.15 1.0456709739161057e-05
273.15 1.0523442327979087e-05
275.15 1.0590000141762678e-05
277.15 1.0656384753854598e-05
279.15 1.0722597710611642e-05
281.15 1.0788640532164104e-05
283.15 1.08545147131434e-05
285.15 1.0920221723379986e-05
287.15 1.0985763008573338e-05
289.15 1.105113999093497e-05
291.15 1.1116354069806426e-05
293.15 1.1181406622253389e-05
295.15 1.124629900363687e-05
297.15 1.1311032548163775e-05
299.15 1.1375608569415205e-05
301.15 1.144002836085609e-05
303.15 1.1504293196322224e-05
305.15 1.1568404330518516e-05
307.15 1.1632362999438391e-05
309.15 1.1696170420830542e-05
311.15 1.1759827794618619e-05
313.15 1.1823336303312924e-05
315.15 1.1886697112408354e-05
317.15 1.194991137076894e-05
319.15 1.201298021099999e-05
321.15 1.2075904749808127e-05
323.15 1.2138686088349675e-05
325.15 1.2201325312568147e-05
327.15 1.226382349352113e-05
329.15 1.2326181687697131e-05
331.15 1.2388400937322568e-05
333.15 1.2450482270659557e-05
335.15 1.2512426702294873e-05
337.15 1.2574235233420227e-05
339.15 1.2635908852104261e-05
341.15 1.2697448533556995e-05
343.15 1.2758855240386152e-05
345.15 1.282012992284671e-05
347.15 1.2881273519083055e-05
349.15 1.2942286955364732e-05
351.15 1.3003171146315279e-05
353.15 1.3063926995135216e-05
355.15 1.3124555393818743e-05
357.15 1.3185057223364654e-05
359.15 1.3245433353981949e-05
361.15 1.3305684645289342e-05
363.15 1.3365811946510463e-05
365.15 1.3425816096663347e-05
367.15 1.3485697924745226e-05
369.15 1.3545458249912988e-05
371.15 1.3605097881658395e-05
373.15 1.3664617619979682e-05